[MR]
; MIRROR and ROTATE

;typedef enum _tp_mirror_type_e
;{
;	TP_MIRROR_TYPE_OFF = 0,
;	TP_MIRROR_TYPE_LEFT_RIGHT,
;	TP_MIRROR_TYPE_UP_DOWN,
;	TP_MIRROR_TYPE_CENTRE,
;	TP_MIRROR_TYPE_LAST,
;} TP_MIRROR_TYPE_E;

;typedef enum _tp_rotate_type_e
;{
;	TP_ROTATE_TYPE_OFF = 0,
;	TP_ROTATE_TYPE_90,
;	TP_ROTATE_TYPE_180,
;	TP_ROTATE_TYPE_270,
;	TP_ROTATE_TYPE_LAST
;} TP_ROTATE_TYPE_E;

MRModeNumber = 1
MR_ENABLE = 1
; MIRROR_TYPE {0,1,2,3}
MIRROR_TYPE = 0
; ROTATE_TYPE {0,2}
; 90度和270度翻转, 必须在 vi 和 venc 初始化的时候手动对调宽高, 暂时不支持
ROTATE_TYPE = 0

[CSC]
CSCModeNumber = 1
;range: min,middle,max
LUMA_RANGE = 0,50,100,
;CONTRAST_RANGE = 0,50,100,
HUE_RANGE = 0,50,100,
;SATURATION_RANGE = 0,63,127,

CONTRAST_DAY_MIN = 0,0,0,0,0,0,0,0,0,0,0,0,0,0,0,0,
CONTRAST_DAY_MIDDLE = 50,50,50,50,50,50,50,50,50,50,50,50,50,50,50,50,
CONTRAST_DAY_MAX = 100,100,100,100,100,100,100,100,100,100,100,100,100,100,100,100,

CONTRAST_NIGHT_MIN = 0,0,0,0,0,0,0,0,0,0,0,0,0,0,0,0,
CONTRAST_NIGHT_MIDDLE = 50,50,50,50,50,50,50,50,50,50,50,50,50,50,50,50,
CONTRAST_NIGHT_MAX = 100,100,100,100,100,100,100,100,100,100,100,100,100,100,100,100,

SatAllStr_MIN = 0,0,0,0,0,0,0,0,0,0,0,0,0,0,0,0,
SatAllStr_MIDDLE = 32,32,32,32,32,32,32,32,32,32,32,32,32,32,32,32,
SatAllStr_MAX = 64,64,64,64,64,64,64,64,64,64,64,64,64,64,64,64,

[SP]
SPModeNumber = 1
SHARPNESS_RANGE = 0,127,255,
;[0-15]
EdgeCtrl_OverShootLimit_MIN = 0,0,0,0,0,0,0,0,0,0,0,0,0,0,0,0,
EdgeCtrl_UnderShootLimit_MIN = 0,0,0,0,0,0,0,0,0,0,0,0,0,0,0,0,
TextureCtrl_OverShootLimit_MIN = 0,0,0,0,0,0,0,0,0,0,0,0,0,0,0,0,
TextureCtrl_UnderShootLimit_MIN = 0,0,0,0,0,0,0,0,0,0,0,0,0,0,0,0,

EdgeCtrl_OverShootLimit_MIDDLE = 34,34,34,32,32,24,18,11,11,11,20,20,20,20,20,20,
EdgeCtrl_UnderShootLimit_MIDDLE = 34,34,34,32,32,24,18,11,11,11,20,20,20,20,20,20,
TextureCtrl_OverShootLimit_MIDDLE = 35,35,35,30,30,30,18,14,12,12,12,12,12,12,12,12,
TextureCtrl_UnderShootLimit_MIDDLE = 35,35,35,30,30,30,18,14,12,12,12,12,12,12,12,12,

EdgeCtrl_OverShootLimit_MIDDLE_NIGHT = 87,87,87,87,85,85,70,70,70,40,20,20,20,20,20,20,
EdgeCtrl_UnderShootLimit_MIDDLE_NIGHT = 92,92,92,92,90,90,85,70,50,11,20,20,20,20,20,20,
TextureCtrl_OverShootLimit_MIDDLE_NIGHT = 65,65,65,65,65,65,65,65,65,50,50,50,50,50,50,50,
TextureCtrl_UnderShootLimit_MIDDLE_NIGHT = 65,65,65,65,65,65,65,65,65,50,50,50,50,50,50,50,

EdgeCtrl_OverShootLimit_MAX = 174,174,174,174,170,170,140,140,140,140,140,140,140,140,140,140,
EdgeCtrl_UnderShootLimit_MAX = 184,184,184,184,180,180,170,140,140,140,140,140,140,140,140,140,
TextureCtrl_OverShootLimit_MAX = 130,130,130,130,130,130,130,130,130,130,130,130,130,130,130,130,
TextureCtrl_UnderShootLimit_MAX = 130,130,130,130,130,130,130,130,130,130,130,130,130,130,130,130,


[AE]
AEModeNumber = 1
SENSOR_GAIN_RANGE_DAY = 1024,16128,
SENSOR_GAIN_RANGE_NIGHT = 1024,16128,
SENSOR_GAIN_RANGE_WTL = 1024,43000,
ISP_GAIN_RANGE_DAY = 1024,8192,
ISP_GAIN_RANGE_NIGHT = 1024,8192,
ISP_GAIN_RANGE_WTL = 1024,1024,
MAX_SHUTTER_DAY = 80000,
MAX_SHUTTER_NIGHT = 80000,
MAX_SHUTTER_WTL =80000,
;16*16
DEFAULT_AE_WINWGT_DAY_00 = 82,88,94,100,105,109,112,114,114,112,109,105,100,94,88,82,
DEFAULT_AE_WINWGT_DAY_01 = 88,95,102,109,116,121,125,127,127,125,121,116,109,102,95,88,
DEFAULT_AE_WINWGT_DAY_02 = 94,102,111,119,127,134,138,141,141,138,134,127,119,111,102,94,
DEFAULT_AE_WINWGT_DAY_03 = 100,109,119,129,138,147,154,157,157,154,147,138,129,119,109,100,
DEFAULT_AE_WINWGT_DAY_04 = 105,116,127,138,150,161,170,175,175,170,161,150,138,127,116,105,
DEFAULT_AE_WINWGT_DAY_05 = 109,121,134,147,161,175,187,194,194,187,175,161,147,134,121,109,
DEFAULT_AE_WINWGT_DAY_06 = 112,125,138,154,170,187,203,216,216,203,187,170,154,138,125,112,
DEFAULT_AE_WINWGT_DAY_07 = 114,127,141,157,175,194,216,237,237,216,194,175,157,141,127,114,
DEFAULT_AE_WINWGT_DAY_08 = 114,127,141,157,175,194,216,237,237,216,194,175,157,141,127,114,
DEFAULT_AE_WINWGT_DAY_09 = 112,125,138,154,170,187,203,216,216,203,187,170,154,138,125,112,
DEFAULT_AE_WINWGT_DAY_10 = 109,121,134,147,161,175,187,194,194,187,175,161,147,134,121,109,
DEFAULT_AE_WINWGT_DAY_11 = 105,116,127,138,150,161,170,175,175,170,161,150,138,127,116,105,
DEFAULT_AE_WINWGT_DAY_12 = 100,109,119,129,138,147,154,157,157,154,147,138,129,119,109,100,
DEFAULT_AE_WINWGT_DAY_13 = 94,102,111,119,127,134,138,141,141,138,134,127,119,111,102,94,
DEFAULT_AE_WINWGT_DAY_14 = 88,95,102,109,116,121,125,127,127,125,121,116,109,102,95,88,
DEFAULT_AE_WINWGT_DAY_15 = 82,88,94,100,105,109,112,114,114,112,109,105,100,94,88,82,

DEFAULT_AE_WINWGT_NIGHT_00 = 25,25,33,33,33,33,33,33,33,33,33,33,33,33,25,25,
DEFAULT_AE_WINWGT_NIGHT_01 = 25,95,99,99,99,99,99,105,105,99,99,99,99,99,95,25,
DEFAULT_AE_WINWGT_NIGHT_02 = 33,99,111,119,127,134,138,141,141,138,134,127,119,111,99,33,
DEFAULT_AE_WINWGT_NIGHT_03 = 33,99,119,129,138,147,154,157,157,154,147,138,129,119,99,33,
DEFAULT_AE_WINWGT_NIGHT_04 = 33,99,127,138,150,161,170,175,175,170,161,150,138,127,99,33,
DEFAULT_AE_WINWGT_NIGHT_05 = 33,99,134,147,161,175,187,194,194,187,175,161,147,134,99,33,
DEFAULT_AE_WINWGT_NIGHT_06 = 33,99,138,154,170,187,203,216,216,203,187,170,154,138,99,33,
DEFAULT_AE_WINWGT_NIGHT_07 = 33,105,141,157,175,194,216,222,222,216,194,175,157,141,105,33,
DEFAULT_AE_WINWGT_NIGHT_08 = 33,105,141,157,175,194,216,222,222,216,194,175,157,141,105,33,
DEFAULT_AE_WINWGT_NIGHT_09 = 33,99,138,154,170,187,203,216,216,203,187,170,154,138,99,33,
DEFAULT_AE_WINWGT_NIGHT_10 = 33,99,134,147,161,175,187,194,194,187,175,161,147,134,99,33,
DEFAULT_AE_WINWGT_NIGHT_11 = 33,99,127,138,150,161,170,175,175,170,161,150,138,127,99,33,
DEFAULT_AE_WINWGT_NIGHT_12 = 33,99,119,129,138,147,154,157,157,154,147,138,129,119,99,33,
DEFAULT_AE_WINWGT_NIGHT_13 = 33,99,111,119,127,134,138,141,141,138,134,127,119,111,99,33,
DEFAULT_AE_WINWGT_NIGHT_14 = 25,95,99,99,99,99,99,105,105,99,99,99,99,99,95,25,
DEFAULT_AE_WINWGT_NIGHT_15 = 25,25,33,33,33,33,33,33,33,33,33,33,33,33,33,25,

DEFAULT_AE_WINWGT_WTL_00 = 253,253,253,253,254,254,254,254,254,254,254,254,253,253,253,253,
DEFAULT_AE_WINWGT_WTL_01 = 253,253,253,254,254,254,254,254,254,254,254,254,254,253,253,253,
DEFAULT_AE_WINWGT_WTL_02 = 253,253,254,254,254,254,254,254,254,254,254,254,254,254,253,253,
DEFAULT_AE_WINWGT_WTL_03 = 253,254,254,254,254,254,254,254,254,254,254,254,254,254,254,253,
DEFAULT_AE_WINWGT_WTL_04 = 254,254,254,254,254,254,255,255,255,255,254,254,254,254,254,254,
DEFAULT_AE_WINWGT_WTL_05 = 254,254,254,254,254,255,255,255,255,255,255,254,254,254,254,254,
DEFAULT_AE_WINWGT_WTL_06 = 254,254,254,254,255,255,255,255,255,255,255,255,254,254,254,254,
DEFAULT_AE_WINWGT_WTL_07 = 254,254,254,254,255,255,255,255,255,255,255,255,254,254,254,254,
DEFAULT_AE_WINWGT_WTL_08 = 254,254,254,254,255,255,255,255,255,255,255,255,254,254,254,254,
DEFAULT_AE_WINWGT_WTL_09 = 254,254,254,254,255,255,255,255,255,255,255,255,254,254,254,254,
DEFAULT_AE_WINWGT_WTL_10 = 254,254,254,254,254,255,255,255,255,255,255,254,254,254,254,254,
DEFAULT_AE_WINWGT_WTL_11 = 254,254,254,254,254,254,255,255,255,255,254,254,254,254,254,254,
DEFAULT_AE_WINWGT_WTL_12 = 253,254,254,254,254,254,254,254,254,254,254,254,254,254,254,253,
DEFAULT_AE_WINWGT_WTL_13 = 253,253,254,254,254,254,254,254,254,254,254,254,254,254,253,253,
DEFAULT_AE_WINWGT_WTL_14 = 253,253,253,254,254,254,254,254,254,254,254,254,254,253,253,253,
DEFAULT_AE_WINWGT_WTL_15 = 253,253,253,253,254,254,254,254,254,254,254,254,253,253,253,253,

TOP_AE_WINWGT_00 = 253,253,253,253,254,254,254,254,254,254,254,254,253,253,253,253,
TOP_AE_WINWGT_01 = 253,253,253,254,254,254,254,254,254,254,254,254,254,253,253,253,
TOP_AE_WINWGT_02 = 253,253,254,254,254,254,254,254,254,254,254,254,254,254,253,253,
TOP_AE_WINWGT_03 = 253,254,254,254,254,254,254,254,254,254,254,254,254,254,254,253,
TOP_AE_WINWGT_04 = 254,254,254,254,254,254,255,255,255,255,254,254,254,254,254,254,
TOP_AE_WINWGT_05 = 254,254,254,254,254,255,255,255,255,255,255,254,254,254,254,254,
TOP_AE_WINWGT_06 = 254,254,254,254,255,255,255,255,255,255,255,255,254,254,254,254,
TOP_AE_WINWGT_07 = 254,254,254,254,255,255,255,255,255,255,255,255,254,254,254,254,
TOP_AE_WINWGT_08 = 0,0,0,0,0,0,0,0,0,0,0,0,0,0,0,0,
TOP_AE_WINWGT_09 = 0,0,0,0,0,0,0,0,0,0,0,0,0,0,0,0,
TOP_AE_WINWGT_10 = 0,0,0,0,0,0,0,0,0,0,0,0,0,0,0,0,
TOP_AE_WINWGT_11 = 0,0,0,0,0,0,0,0,0,0,0,0,0,0,0,0,
TOP_AE_WINWGT_12 = 0,0,0,0,0,0,0,0,0,0,0,0,0,0,0,0,
TOP_AE_WINWGT_13 = 0,0,0,0,0,0,0,0,0,0,0,0,0,0,0,0,
TOP_AE_WINWGT_14 = 0,0,0,0,0,0,0,0,0,0,0,0,0,0,0,0,
TOP_AE_WINWGT_15 = 0,0,0,0,0,0,0,0,0,0,0,0,0,0,0,0,

BTM_AE_WINWGT_00 = 0,0,0,0,0,0,0,0,0,0,0,0,0,0,0,0,
BTM_AE_WINWGT_01 = 0,0,0,0,0,0,0,0,0,0,0,0,0,0,0,0,
BTM_AE_WINWGT_02 = 0,0,0,0,0,0,0,0,0,0,0,0,0,0,0,0,
BTM_AE_WINWGT_03 = 0,0,0,0,0,0,0,0,0,0,0,0,0,0,0,0,
BTM_AE_WINWGT_04 = 0,0,0,0,0,0,0,0,0,0,0,0,0,0,0,0,
BTM_AE_WINWGT_05 = 0,0,0,0,0,0,0,0,0,0,0,0,0,0,0,0,
BTM_AE_WINWGT_06 = 0,0,0,0,0,0,0,0,0,0,0,0,0,0,0,0,
BTM_AE_WINWGT_07 = 0,0,0,0,0,0,0,0,0,0,0,0,0,0,0,0,
BTM_AE_WINWGT_08 = 254,254,254,254,255,255,255,255,255,255,255,255,254,254,254,254,
BTM_AE_WINWGT_09 = 254,254,254,254,255,255,255,255,255,255,255,255,254,254,254,254,
BTM_AE_WINWGT_10 = 254,254,254,254,254,255,255,255,255,255,255,254,254,254,254,254,
BTM_AE_WINWGT_11 = 254,254,254,254,254,254,255,255,255,255,254,254,254,254,254,254,
BTM_AE_WINWGT_12 = 253,254,254,254,254,254,254,254,254,254,254,254,254,254,254,253,
BTM_AE_WINWGT_13 = 253,253,254,254,254,254,254,254,254,254,254,254,254,254,253,253,
BTM_AE_WINWGT_14 = 253,253,253,254,254,254,254,254,254,254,254,254,254,253,253,253,
BTM_AE_WINWGT_15 = 253,253,253,253,254,254,254,254,254,254,254,254,253,253,253,253,

MID_AE_WINWGT_00 = 0,0,0,0,0,0,0,0,0,0,0,0,0,0,0,0,
MID_AE_WINWGT_01 = 0,0,0,0,0,0,0,0,0,0,0,0,0,0,0,0,
MID_AE_WINWGT_02 = 0,0,0,0,0,0,0,0,0,0,0,0,0,0,0,0,
MID_AE_WINWGT_03 = 0,0,0,0,0,0,0,0,0,0,0,0,0,0,0,0,
MID_AE_WINWGT_04 = 0,0,0,0,254,254,255,255,255,255,254,254,0,0,0,0,
MID_AE_WINWGT_05 = 0,0,0,0,254,255,255,255,255,255,255,254,0,0,0,0,
MID_AE_WINWGT_06 = 0,0,0,0,255,255,255,255,255,255,255,255,0,0,0,0,
MID_AE_WINWGT_07 = 0,0,0,0,255,255,255,255,255,255,255,255,0,0,0,0,
MID_AE_WINWGT_08 = 0,0,0,0,255,255,255,255,255,255,255,255,0,0,0,0,
MID_AE_WINWGT_09 = 0,0,0,0,255,255,255,255,255,255,255,255,0,0,0,0,
MID_AE_WINWGT_10 = 0,0,0,0,254,255,255,255,255,255,255,254,0,0,0,0,
MID_AE_WINWGT_11 = 0,0,0,0,254,254,255,255,255,255,254,254,0,0,0,0,
MID_AE_WINWGT_12 = 0,0,0,0,0,0,0,0,0,0,0,0,0,0,0,0,
MID_AE_WINWGT_13 = 0,0,0,0,0,0,0,0,0,0,0,0,0,0,0,0,
MID_AE_WINWGT_14 = 0,0,0,0,0,0,0,0,0,0,0,0,0,0,0,0,
MID_AE_WINWGT_15 = 0,0,0,0,0,0,0,0,0,0,0,0,0,0,0,0,

LEFT_AE_WINWGT_00 = 253,253,253,253,254,254,254,254,0,0,0,0,0,0,0,0,
LEFT_AE_WINWGT_01 = 253,253,253,254,254,254,254,254,0,0,0,0,0,0,0,0,
LEFT_AE_WINWGT_02 = 253,253,254,254,254,254,254,254,0,0,0,0,0,0,0,0,
LEFT_AE_WINWGT_03 = 253,254,254,254,254,254,254,254,0,0,0,0,0,0,0,0,
LEFT_AE_WINWGT_04 = 254,254,254,254,254,254,255,255,0,0,0,0,0,0,0,0,
LEFT_AE_WINWGT_05 = 254,254,254,254,254,255,255,255,0,0,0,0,0,0,0,0,
LEFT_AE_WINWGT_06 = 254,254,254,254,255,255,255,255,0,0,0,0,0,0,0,0,
LEFT_AE_WINWGT_07 = 254,254,254,254,255,255,255,255,0,0,0,0,0,0,0,0,
LEFT_AE_WINWGT_08 = 254,254,254,254,255,255,255,255,0,0,0,0,0,0,0,0,
LEFT_AE_WINWGT_09 = 254,254,254,254,255,255,255,255,0,0,0,0,0,0,0,0,
LEFT_AE_WINWGT_10 = 254,254,254,254,254,255,255,255,0,0,0,0,0,0,0,0,
LEFT_AE_WINWGT_11 = 254,254,254,254,254,254,255,255,0,0,0,0,0,0,0,0,
LEFT_AE_WINWGT_12 = 253,254,254,254,254,254,254,254,0,0,0,0,0,0,0,0,
LEFT_AE_WINWGT_13 = 253,253,254,254,254,254,254,254,0,0,0,0,0,0,0,0,
LEFT_AE_WINWGT_14 = 253,253,253,254,254,254,254,254,0,0,0,0,0,0,0,0,
LEFT_AE_WINWGT_15 = 253,253,253,253,254,254,254,254,0,0,0,0,0,0,0,0,

RIGHT_AE_WINWGT_00 = 0,0,0,0,0,0,0,0,254,254,254,254,253,253,253,253,
RIGHT_AE_WINWGT_01 = 0,0,0,0,0,0,0,0,254,254,254,254,254,253,253,253,
RIGHT_AE_WINWGT_02 = 0,0,0,0,0,0,0,0,254,254,254,254,254,254,253,253,
RIGHT_AE_WINWGT_03 = 0,0,0,0,0,0,0,0,254,254,254,254,254,254,254,253,
RIGHT_AE_WINWGT_04 = 0,0,0,0,0,0,0,0,255,255,254,254,254,254,254,254,
RIGHT_AE_WINWGT_05 = 0,0,0,0,0,0,0,0,255,255,255,254,254,254,254,254,
RIGHT_AE_WINWGT_06 = 0,0,0,0,0,0,0,0,255,255,255,255,254,254,254,254,
RIGHT_AE_WINWGT_07 = 0,0,0,0,0,0,0,0,255,255,255,255,254,254,254,254,
RIGHT_AE_WINWGT_08 = 0,0,0,0,0,0,0,0,255,255,255,255,254,254,254,254,
RIGHT_AE_WINWGT_09 = 0,0,0,0,0,0,0,0,255,255,255,255,254,254,254,254,
RIGHT_AE_WINWGT_10 = 0,0,0,0,0,0,0,0,255,255,255,254,254,254,254,254,
RIGHT_AE_WINWGT_11 = 0,0,0,0,0,0,0,0,255,255,254,254,254,254,254,254,
RIGHT_AE_WINWGT_12 = 0,0,0,0,0,0,0,0,254,254,254,254,254,254,254,253,
RIGHT_AE_WINWGT_13 = 0,0,0,0,0,0,0,0,254,254,254,254,254,254,253,253,
RIGHT_AE_WINWGT_14 = 0,0,0,0,0,0,0,0,254,254,254,254,254,253,253,253,
RIGHT_AE_WINWGT_15 = 0,0,0,0,0,0,0,0,254,254,254,254,253,253,253,253,
;DEFAULT,TOP,BTM,MID,LEFT,RIGHT
AE_EID_TBL = 0,0,0,0,0,0,0,;0-AE_AVERAGE

SMART_IR_AUTO_MODE_STRATEGY = 0
SMART_IR_AUTO_MODE_STRATEGY_STRENGTH = 0
SMART_IR_AUTO_MODE_STRATEGY_SENSITIVITY = 0
SMART_IR_AUTO_MODE_STRATEGY_WEIGHTING = 512
NumOfPoints_SMART_IR_AUTO_MODE_STRATEGY_LOWER_OFFSET = 6
4Y_SMART_IR_AUTO_MODE_STRATEGY_LOWER_OFFSET=5,5,5,10,20,30
4X_SMART_IR_AUTO_MODE_STRATEGY_LOWER_OFFSET=-98702,-85810,-58278,-20248,8333,9000

SMART_IR_MANUAL_MODE_STRATEGY = 0
SMART_IR_MANUAL_MODE_STRATEGY_STRENGTH = 0
SMART_IR_MANUAL_MODE_STRATEGY_SENSITIVITY = 0
SMART_IR_MANUAL_MODE_STRATEGY_WEIGHTING = 512
NumOfPoints_SMART_IR_MANUAL_MODE_STRATEGY_LOWER_OFFSET = 6
4Y_SMART_IR_MANUAL_MODE_STRATEGY_LOWER_OFFSET=5,5,5,10,20,30
4X_SMART_IR_MANUAL_MODE_STRATEGY_LOWER_OFFSET=-98702,-85810,-58278,-20248,8333,9000

SMART_IR_AUTO_MODE_AE_STRATEGY = 0
SMART_IR_AUTO_MODE_AE_STRATEGY_STRENGTH = 800
SMART_IR_AUTO_MODE_AE_STRATEGY_SENSITIVITY = 512
SMART_IR_AUTO_MODE_AE_STRATEGY_WEIGHTING = 850
NumOfPoints_SMART_IR_AUTO_MODE_AE_STRATEGY_LOWER_OFFSET = 6
4Y_SMART_IR_AUTO_MODE_AE_STRATEGY_LOWER_OFFSET=220,220,260,300,300,300
4X_SMART_IR_AUTO_MODE_AE_STRATEGY_LOWER_OFFSET=-98702,-85810,-58278,-20248,8333,9000

SMART_WTL_AUTO_MODE_STRATEGY = 2
SMART_WTL_AUTO_MODE_STRATEGY_STRENGTH = 0
SMART_WTL_AUTO_MODE_STRATEGY_SENSITIVITY = 0
SMART_WTL_AUTO_MODE_STRATEGY_WEIGHTING = 128
NumOfPoints_SMART_WTL_AUTO_MODE_STRATEGY_LOWER_OFFSET = 3
4Y_SMART_WTL_AUTO_MODE_STRATEGY_LOWER_OFFSET=0,0,0
4X_SMART_WTL_AUTO_MODE_STRATEGY_LOWER_OFFSET=-65536,0,81920

SMART_WTL_MANUAL_MODE_STRATEGY = 2
SMART_WTL_MANUAL_MODE_STRATEGY_STRENGTH = 0
SMART_WTL_MANUAL_MODE_STRATEGY_SENSITIVITY = 0
SMART_WTL_MANUAL_MODE_STRATEGY_WEIGHTING = 128
NumOfPoints_SMART_WTL_MANUAL_MODE_STRATEGY_LOWER_OFFSET = 3
4Y_SMART_WTL_MANUAL_MODE_STRATEGY_LOWER_OFFSET=0,0,0
4X_SMART_WTL_MANUAL_MODE_STRATEGY_LOWER_OFFSET=-65536,0,81920

SMART_WTL_AUTO_MODE_AE_STRATEGY = 0
SMART_WTL_AUTO_MODE_AE_STRATEGY_STRENGTH = 1023
SMART_WTL_AUTO_MODE_AE_STRATEGY_SENSITIVITY = 512
SMART_WTL_AUTO_MODE_AE_STRATEGY_WEIGHTING = 860
NumOfPoints_SMART_WTL_AUTO_MODE_AE_STRATEGY_LOWER_OFFSET = 3
4Y_SMART_WTL_AUTO_MODE_AE_STRATEGY_LOWER_OFFSET=40,40,40
4X_SMART_WTL_AUTO_MODE_AE_STRATEGY_LOWER_OFFSET=-65536,0,81920

;custom ev comp level
CUSTOM_DAY_EV_COMP_EV_LEVEL_0 = -2;
CUSTOM_DAY_EV_COMP_GRAD_LEVEL_0 = 2;
CUSTOM_NIGHT_EV_COMP_EV_LEVEL_0 = -2;
CUSTOM_NIGHT_EV_COMP_GRAD_LEVEL_0 = 2;
CUSTOM_WTL_EV_COMP_EV_LEVEL_0 = -2;
CUSTOM_WTL_EV_COMP_GRAD_LEVEL_0 = 2;

CUSTOM_DAY_EV_COMP_EV_LEVEL_1 = -2;
CUSTOM_DAY_EV_COMP_GRAD_LEVEL_1 = 4;
CUSTOM_NIGHT_EV_COMP_EV_LEVEL_1 = -2;
CUSTOM_NIGHT_EV_COMP_GRAD_LEVEL_1 = 4;
CUSTOM_WTL_EV_COMP_EV_LEVEL_1 = -2;
CUSTOM_WTL_EV_COMP_GRAD_LEVEL_1 = 4;

CUSTOM_DAY_EV_COMP_EV_LEVEL_2 = -2;
CUSTOM_DAY_EV_COMP_GRAD_LEVEL_2 = 8;
CUSTOM_NIGHT_EV_COMP_EV_LEVEL_2 = -2;
CUSTOM_NIGHT_EV_COMP_GRAD_LEVEL_2 = 8;
CUSTOM_WTL_EV_COMP_EV_LEVEL_2 = -2;
CUSTOM_WTL_EV_COMP_GRAD_LEVEL_2 = 8;

CUSTOM_DAY_EV_COMP_EV_LEVEL_3 = 0;
CUSTOM_DAY_EV_COMP_GRAD_LEVEL_3 = 3;
CUSTOM_NIGHT_EV_COMP_EV_LEVEL_3 = 0;
CUSTOM_NIGHT_EV_COMP_GRAD_LEVEL_3 = 3;
CUSTOM_WTL_EV_COMP_EV_LEVEL_3 = 0;
CUSTOM_WTL_EV_COMP_GRAD_LEVEL_3 = 3;

CUSTOM_DAY_EV_COMP_EV_LEVEL_4 = 2;
CUSTOM_DAY_EV_COMP_GRAD_LEVEL_4 = 8;
CUSTOM_NIGHT_EV_COMP_EV_LEVEL_4 = 2;
CUSTOM_NIGHT_EV_COMP_GRAD_LEVEL_4 = 8;
CUSTOM_WTL_EV_COMP_EV_LEVEL_4 = 2;
CUSTOM_WTL_EV_COMP_GRAD_LEVEL_4 = 8;

CUSTOM_DAY_EV_COMP_EV_LEVEL_5 = 2;
CUSTOM_DAY_EV_COMP_GRAD_LEVEL_5 = 4;
CUSTOM_NIGHT_EV_COMP_EV_LEVEL_5 = 2;
CUSTOM_NIGHT_EV_COMP_GRAD_LEVEL_5 = 4;
CUSTOM_WTL_EV_COMP_EV_LEVEL_5 = 2;
CUSTOM_WTL_EV_COMP_GRAD_LEVEL_5 = 4;

CUSTOM_DAY_EV_COMP_EV_LEVEL_6 = 2;
CUSTOM_DAY_EV_COMP_GRAD_LEVEL_6 = 2;
CUSTOM_NIGHT_EV_COMP_EV_LEVEL_6 = 2;
CUSTOM_NIGHT_EV_COMP_GRAD_LEVEL_6 = 2;
CUSTOM_WTL_EV_COMP_EV_LEVEL_6 = 2;
CUSTOM_WTL_EV_COMP_GRAD_LEVEL_6 = 2;

[DRC]
DRCModeNumber = 1
WDR_ENABLE = 1

WDR_STRENGTH_MIN = 0,0,0,0,0,0,0,0,0,0,0,0,0,0,0,0,
WDR_STRENGTH_MIDDLE = 128,128,128,128,128,128,128,128,128,128,128,128,128,128,128,128,
WDR_STRENGTH_MAX = 255,255,255,255,255,255,255,255,255,255,255,255,255,255,255,255,

WDR_STRENGTH_DEFAULT = 40,40,36,30,30,26,22,22,22,22,22,22,22,22,22,22,
WDR_STRENGTH_DEFAULT_WTL = 8,8,8,8,8,10,14,18,18,18,18,18,18,18,18,18,
WDR_STRENGTH_DEFAULT_NIGHT = 28,28,28,28,28,24,20,15,15,32,32,32,32,32,32,32,

WDR_DETAIL_ENHANCE_MIN = 255,255,255,255,255,255,255,255,255,255,255,255,255,255,255,255,
WDR_DETAIL_ENHANCE_MIDDLE = 128,128,128,128,128,128,128,128,128,128,128,128,128,128,128,128,
WDR_DETAIL_ENHANCE_MAX = 0,0,0,0,0,0,0,0,0,0,0,0,0,0,0,0,

WDR_DETAIL_ENHANCE_DEFAULT = 255,255,255,255,255,255,255,255,255,255,255,255,255,255,255,255,
WDR_DETAIL_ENHANCE_DEFAULT_WTL = 255,255,255,255,255,255,255,255,255,255,255,255,255,255,255,255,
WDR_DETAIL_ENHANCE_DEFAULT_NIGHT = 255,255,255,240,220,210,200,180,180,180,180,180,180,180,180,180,

[WB]
WBModeNumber = 1
;range: min,middle,max
RGBG_STRENGTH_RANGE = 20,128,200,

; [0]=u2Rgain, [1]=u2Grgain, [2]= u2Gbgain, [3]=u2Bgain
RGB_GAIN_LCD = 0x708,0x400,0x400,0x5c8,
RGB_GAIN_NATURE = 0x65b,0x400,0x400,0x627,
RGB_GAIN_INCAND = 0x4de,0x400,0x400,0x8ca,
RGB_GAIN_WARM = 0x57c,0x400,0x400,0x7da,


[IR]
IRModeNumber = 1
;IR cut thresh
;---IR_THRESH_DAY: night_to_day thresh
IR_THRESH_DAY = 83451,83451,83451,83451,83451,83451,83451,83451,
;---IR_THRESH_NIGHT: day_to_night thresh
IR_THRESH_NIGHT = 31008,31008,31008,31008,31008,31008,31008,31008,
;WL cut thresh
;---WL_THRESH_DAY: night_to_day thresh
WL_THRESH_DAY = 339,317,279,222,172,140,124,40,
;---WL_THRESH_NIGHT: day_to_night thresh
WL_THRESH_NIGHT = 110,100,82,73,55,38,22,11,

;IR CUT GPIO VALUE
;{msc31dc}IR_CUT_CTRL --> PAD_SAR_GPIO1 --> 99
;{msc31dc}IR_LED_CTRL --> PAD_FUART_RX --> 16

IR_CUT_CTRL_GPIO = 52
IR_CUT_CTRL_GPIO_ACTIVE_LOW = 1
IR_LED_CTRL_GPIO = 49
WL_LED_CTRL_GPIO = 50
WL_LED_CTRL_GPIO_ACTIVE_LOW = 1
;WL_LED_PWM_CTRL_PORT = 1

;{msc313e} IR_CUT_CTRL_DOUBLE_GPIOS[0] to set night
;{msc313e} IR_CUT_CTRL_DOUBLE_GPIOS[1] to set day
IR_CUT_CTRL_DOUBLE_GPIOS = 57,58

;WL INTENSITY VALUE
WL_LED_INTENSITY = 10,20,40,60,100,

;nature rate thresh
IR_CUSTOM_NATURE_RATE_THRESH=0.080

;ADC VOLTAGE DETECT
;{msc313e}IR_ADC_VOLTAGE_GPIO --> SAR2 --> 2
;{msc316dc}IR_ADC_VOLTAGE_GPIO --> SAR0 --> 0
IR_ADC_VOLTAGE_GPIO = 2
;[max,min]
ADC_VOLTAGE_THRESH = 169257,103612
ADC_SAMPLE_TIMES = 60
ADC_SAMPLE_DELAY = 1
ADC_START_DELAY = 10
;[max,min,delta]
ADC_DUTY_CYCLE = 100,50,5

[SmartIR]
SmartIRModeNumber = 1
PwmControlInterval = 12
Exp_LtoD_Thresh=10000,48000,160000,320000,520000,720000,900000,1000000
Exp_DtoL_Thresh=10000,40000,120000,240000,400000,640000,800000,1000000
PWM_Duty=20,20,30,40,60,80,90,100
Zone_Compensation_Pwm_Offset=0,0,0,0,0,0,0,0
Nature_Rate_Thresh_0=0.1
Nature_Rate_Pwm_offset_0=0,0,0,0,0,0,0,0
Nature_Rate_Thresh_1=0.2
Nature_Rate_Pwm_offset_1=0,0,0,0,0,0,0,0
Nature_Rate_Thresh_2=0.5
Nature_Rate_Pwm_offset_2=0,0,0,0,0,0,0,0
Nature_Rate_Thresh_3=0.9
Nature_Rate_Pwm_offset_3=0,0,0,0,0,0,0,0

[SmartWTL]
SmartWTLModeNumber = 1
PwmControlInterval = 12
Exp_LtoD_Thresh=100,75000,200000,600000,900000,1700000,2100000,2400000
Exp_DtoL_Thresh=100,50000,150000,400000,650000,1400000,1900000,2400000
PWM_Duty=10,20,30,40,40,40,40,40
Zone_Compensation_Pwm_Offset=0,0,0,0,0,0,0,0

[ILLUMIN]
ILLModeNumber = 1
I_GR = 0.949105
I_GB = 0.988915
N_GR = 1.285254
N_GB = 1.786290

REF_R_GAIN = 1539
REF_B_GAIN = 1715

[DEBUG]
DEBUGModeNumber = 1
U2SPEED = 20
